4294967293,131
4294967293,130
4294967293,129
4294967293,128
4294967293,127
4294967293,126
4294967293,125
4294967293,124
4294967293,123
4294967293,122
4294967293,121
4294967293,120
4294967293,119
4294967293,118
4294967293,117
4294967293,116
4294967293,115
4294967293,114
4294967293,113
4294967293,112
4294967293,111
4294967293,110
4294967293,109
4294967293,108
4294967293,107
4294967293,106
4294967293,105
4294967293,104
4294967293,103
4294967293,102
4294967293,101
4294967293,100
4294967293,99
4294967293,98
4294967293,97
4294967293,96
4294967293,95
4294967293,94
4294967293,93
4294967293,92
4294967293,91
4294967293,90
4294967293,89
4294967293,87
4294967293,86
4294967293,85
4294967293,84
4294967293,83
4294967293,82
4294967293,81
4294967293,80
4294967293,79
4294967293,78
4294967293,77
4294967293,76
4294967293,75
4294967293,74
4294967293,73
4294967293,72
4294967293,71
4294967293,70
4294967293,69
4294967293,68
4294967293,67
4294967293,66
4294967293,65
4294967293,64
4294967293,63
4294967293,62
4294967293,61
4294967293,60
4294967293,59
4294967293,58
4294967293,57
4294967293,56
4294967293,55
4294967293,54
4294967293,53
4294967293,52
4294967293,51
4294967293,50
4294967293,49
4294967293,48
4294967293,47
4294967293,46
4294967293,45
4294967293,44
4294967293,43
4294967293,42
4294967293,41
4294967293,40
4294967293,39
4294967293,38
4294967293,37
4294967293,36
4294967293,35
4294967293,34
4294967293,33
4294967293,32
4294967293,31
4294967293,30
4294967293,29
4294967293,28
4294967293,27
4294967293,26
4294967293,25
4294967293,24
4294967293,23
4294967293,22
4294967293,21
4294967293,20
4294967293,19
4294967293,18
4294967293,17
4294967293,16
4294967293,15
4294967293,14
4294967293,13
4294967293,12
4294967293,11
4294967293,10
4294967293,9
4294967293,8
4294967293,7
4294967293,6
4294967293,5
4294967293,4
4294967293,3
4294967278,363
4294967278,130
4294967278,129
4294967278,128
4294967278,287
4294967278,125
4294967278,124
4294967278,123
4294967278,119
4294967278,522
4294967278,117
4294967278,116
4294967278,343
4294967278,114
4294967278,362
4294967278,329
4294967278,110
4294967278,225
4294967278,109
4294967278,371
4294967278,360
4294967278,359
4294967278,357
4294967278,95
4294967278,383
4294967278,89
4294967278,366
4294967278,567
4294967278,87
4294967278,355
4294967278,365
4294967278,547
4294967278,82
4294967278,78
4294967278,524
4294967278,77
4294967278,76
4294967278,75
4294967278,74
4294967278,354
4294967278,560
4294967278,73
4294967278,67
4294967278,533
4294967278,57
4294967278,525
4294967278,56
4294967278,88
4294967278,52
4294967278,51
4294967278,318
4294967278,381
4294967278,558
4294967278,47
4294967278,46
4294967278,571
4294967278,45
4294967278,43
4294967278,42
4294967278,40
4294967278,271
4294967278,39
4294967278,37
4294967278,36
4294967278,35
4294967278,298
4294967278,33
4294967278,352
4294967278,32
4294967278,235
4294967278,27
4294967278,559
4294967278,21
4294967278,16
4294967278,11
4294967278,174
4294967278,260
4294967278,2
4294967278,0
4294967278,538
4294967279,369
4294967279,219
4294967279,95
4294967279,217
4294967279,353
4294967279,83
4294967279,368
4294967279,284
4294967279,82
4294967279,81
4294967279,80
4294967279,440
4294967279,78
4294967279,404
4294967279,77
4294967279,76
4294967279,383
4294967279,75
4294967279,382
4294967279,74
4294967279,344
4294967279,73
4294967279,72
4294967279,71
4294967279,70
4294967279,68
4294967279,67
4294967279,63
4294967279,62
4294967279,57
4294967279,52
4294967279,378
4294967279,47
4294967279,46
4294967279,44
4294967279,43
4294967279,324
4294967279,42
4294967279,380
4294967279,41
4294967279,39
4294967279,289
4294967279,37
4294967279,36
4294967279,402
4294967279,33
4294967279,157
4294967279,32
4294967279,31
4294967279,227
4294967279,294
4294967279,30
4294967279,29
4294967279,426
4294967279,28
4294967279,414
4294967279,27
4294967279,26
4294967279,388
4294967279,25
4294967279,24
4294967279,23
4294967279,252
4294967279,22
4294967279,21
4294967279,322
4294967279,20
4294967279,19
4294967279,18
4294967279,373
4294967279,17
4294967279,16
4294967279,15
4294967279,14
4294967279,13
4294967279,12
4294967279,2
4294967279,11
4294967279,10
4294967279,9
4294967279,8
4294967279,372
4294967279,7
4294967279,6
4294967279,5
4294967279,346
4294967279,0
4294967279,260
2,4
452,4
440,1
452,1
330,4
330,1
299,1
358,4
4294967294,499
202,1
171,4
205,6
205,1
205,5
4294967294,1451
4294967294,1449
4294967294,1443
4294967294,1424
4294967294,1430
4294967294,495
4294967294,1450
4294967294,485
4294967294,511
4294967294,476
4294967294,493
4294967278,185
4294967294,1441
4294967294,490
4294967294,974
4294967294,7
4294967294,6
4294967294,5
4294967294,22
4294967294,17
4294967294,42
4294967294,76
4294967294,41
4294967294,424
4294967294,43
4294967294,52
4294967294,970
4294967294,172
4294967294,171
4294967294,170
4294967294,67
4294967294,1461
4294967294,1673
4294967294,1423
4294967294,1659
4294967294,1674
4294967294,82
4294967294,984
4294967294,46
4294967294,2
4294967294,99
4294967294,8
4294967294,9
4294967279,400
4294967278,364
4294967279,381
4294967279,229
4294967279,376
4294967278,295
4294967279,371
4294967278,379
4294967279,225
4294967278,376
4294967278,378
4294967278,369
4294967279,370
4294967278,349
4294967294,1456
4294967294,921
4294967294,1756
4294967294,1475
4294967294,1672
4294967294,1755
4294967294,1463
4294967294,104
4294967294,1665
4294967294,1523
4294967294,516
4294967294,1522
4294967294,515
4294967294,1521
4294967294,536
4294967294,534
4294967294,51
4294967294,1480
4294967294,29
4294967294,1415
4294967294,106
4294967294,92
4294967294,91
4294967294,90
4294967294,88
4294967294,87
4294967294,86
4294967294,85
4294967294,84
4294967294,898
4294967294,83
4294967294,107
4294967294,296
4294967294,295
4294967294,294
4294967294,293
4294967294,291
4294967294,289
4294967294,667
4294967294,287
4294967294,285
4294967294,283
4294967294,282
4294967294,280
4294967294,279
4294967294,1520
4294967294,278
4294967294,277
4294967294,276
4294967294,271
4294967294,269
4294967294,268
4294967294,1519
4294967294,267
4294967294,266
4294967294,264
4294967294,262
4294967294,261
4294967294,258
4294967294,257
4294967294,256
4294967294,254
4294967294,253
4294967294,252
4294967294,663
4294967294,249
4294967294,248
4294967294,246
4294967294,25
4294967294,1633
4294967294,245
4294967294,243
4294967294,1518
4294967294,26
4294967294,241
4294967294,28
4294967294,27
4294967294,240
4294967294,234
4294967294,290
4294967294,226
4294967294,224
4294967294,223
4294967294,222
4294967294,220
4294967294,219
4294967294,3
4294967294,218
4294967294,217
4294967294,213
4294967294,212
4294967294,660
4294967294,1
4294967294,208
4294967294,206
4294967294,203
4294967294,202
4294967294,200
4294967294,199
4294967294,197
4294967294,53
4294967294,195
4294967294,194
4294967294,192
4294967294,831
4294967294,830
4294967294,829
4294967294,828
4294967294,827
4294967294,826
4294967294,823
4294967294,822
4294967294,821
4294967294,820
4294967294,818
4294967294,817
4294967294,816
4294967294,1514
4294967294,2238
4294967294,813
4294967294,812
4294967294,810
4294967294,807
4294967294,805
4294967294,529
4294967294,799
4294967294,796
4294967294,795
4294967294,794
4294967294,793
4294967294,792
4294967294,791
4294967294,787
4294967294,785
4294967294,783
4294967294,655
4294967294,781
4294967294,780
4294967294,777
4294967294,1513
4294967294,1653
4294967294,775
4294967294,773
4294967294,1517
4294967294,771
4294967294,653
4294967294,769
4294967294,766
4294967294,765
4294967294,764
4294967294,2203
4294967294,762
4294967294,1516
4294967294,761
4294967294,759
4294967294,758
4294967294,756
4294967294,754
4294967294,752
4294967294,751
4294967294,1669
4294967294,749
4294967294,748
4294967294,747
4294967294,746
4294967294,744
4294967294,743
4294967294,742
4294967294,125
4294967294,740
4294967294,1460
4294967294,737
4294967294,736
4294967294,735
4294967294,734
4294967294,733
4294967294,1512
4294967294,1515
4294967294,465
4294967294,726
4294967294,724
4294967294,719
4294967294,718
4294967294,715
4294967294,714
4294967294,712
4294967294,710
4294967294,709
4294967294,643
4294967294,706
4294967294,705
4294967294,704
4294967294,1660
4294967294,638
4294967294,637
4294967294,635
4294967294,633
4294967294,632
1,0
4294967294,631
4294967294,629
4294967294,628
4294967294,627
4294967294,626
4294967294,623
4294967294,622
4294967294,621
4294967294,1511
4294967294,620
4294967294,615
4294967294,614
4294967294,613
4294967294,612
4294967294,610
4294967294,609
4294967294,607
4294967294,604
4294967294,603
4294967294,601
4294967294,599
4294967294,597
4294967294,1661
4294967294,594
4294967294,593
4294967294,591
4294967294,659
4294967294,588
4294967294,587
4294967294,584
4294967294,582
4294967294,580
4294967294,577
4294967294,569
4294967294,566
4294967294,560
4294967294,558
4294967294,557
4294967294,555
4294967294,562
4294967294,549
4294967294,548
4294967294,640
4294967294,561
4294967294,652
4294967294,545
4294967294,651
4294967294,642
4294967294,644
4294967294,542
4294967294,664
4294967294,541
4294967294,540
4294967294,539
4294967294,662
4294967294,538
4294967294,658
4294967294,649
4294967294,641
4294967294,661
4294967294,572
4294967294,537
4294967294,650
4294967294,814
4294967294,574
4294967294,70
4294967294,656
4294967294,72
4294967294,811
4294967294,647
4294967294,71
4294967294,1608
4294967294,954
4294967294,1649
4294967278,221
4294967279,403
4294967278,518
4294967278,219
4294967279,363
4294967278,573
4294967278,347
4294967294,1510
4294967294,1754
4294967294,1509
4294967294,1508
4294967294,1507
4294967294,1505
4294967294,1506
4294967294,395
4294967294,1504
4294967294,1666
4294967294,1648
4294967294,1502
4294967294,1501
4294967294,423
4294967294,1727
4294967294,1638
4294967294,1635
4294967294,1632
4294967294,1621
4294967294,1470
4294967294,455
4294967294,1454
4294967294,1662
4294967294,1790
4294967294,1769
4294967294,1651
4294967294,1467
4294967294,1628
4294967294,1650
4294967294,1636
4294967294,1647
4294967294,1763
4294967294,1646
4294967294,1610
4294967294,1435
4294967294,469
4294967294,948
4294967294,1408
4294967294,1626
4294967294,1637
4294967294,1630
4294967294,1428
4294967294,1623
4294967294,457
4294967294,392
4294967294,1625
4294967294,946
4294967294,1615
4294967294,1614
4294967294,1616
4294967294,1605
4294967294,1418
4294967294,1607
4294967294,1419
4294967294,514
4294967294,1606
4294967294,1601
4294967294,1421
4294967294,1641
4294967294,1617
4294967294,1453
4294967294,1439
4294967294,430
4294967294,972
4294967294,971
4294967294,969
4294967294,968
4294967294,370
4294967294,369
4294967294,368
4294967294,367
4294967294,366
4294967294,364
4294967294,365
4294967294,363
4294967294,362
4294967294,361
4294967294,360
4294967294,359
4294967294,358
